date,killed,injured,KilledOrInjured,Season
January,44,205,249,Winter
February,43,197,240,Winter
March,50,194,244,Spring
April,23,217,240,Spring
May,41,227,268,Spring
June,48,206,254,Summer
July,63,208,271,Summer
August,35,210,245,Summer
September,63,215,278,Fall
October,22,239,261,Fall
November,45,214,259,Fall
December,36,211,247,Winter
