date,killed,injured,KilledOrInjured,Season
April,23,217,240,Spring
August,35,210,245,Summer
December,36,211,247,Winter
February,43,197,240,Winter
January,44,205,249,Winter
July,63,208,271,Summer
June,48,206,254,Summer
March,50,194,244,Spring
May,41,227,268,Spring
November,45,214,259,Fall
October,22,239,261,Fall
September,63,215,278,Fall
